/Users/flong/Developer/cda-transparencia/data/processed/integrated_Education_Data_2023_table_0_with_Education_Data_2024_table_0.csv